<?xml version="1.0" encoding="utf-8"?>
<SimscapeMultibodyImportXML xmlns="urn:mathworks:SimscapeMultibody:import" xmlns:xsi="http://www.w3.org/2001/XMLSchema-instance" version="2.0">
   <Created by="Steve Miller" from="Onshape" on="03/28/18||13:01:10" using="Simscape Multibody Exporter"/>
   <ModelUnits length="meter" mass="kilogram"/>
   <DataUnits length="meter" mass="kilogram"/>
   <RootAssembly name="aileron assembly" uid="e7300e4ea1dc5bec5eba5651" version="w-ec83d9835435f1597e3d7fb2">
      <InstanceTree>
         <Instance entityUid="e30b9a287a4a9a5d5ffafbf8" name="MountBrackets &lt;1&gt;" uid="MB+dfD67M9ZqaC5Q/">
            <Transform>
               <Rotation>1.000000000 0.000000000 0.000000000 0.000000000 1.000000000 0.000000000 0.000000000 0.000000000 1.000000000 </Rotation>
               <Translation>0.000000000 0.000000000 0.000000000 </Translation>
            </Transform>
            <Instance entityUid="f765da84f1eb1adbeda33aa9" name="MountL_BrkL &lt;1&gt;" uid="MKCnRozoKgq0njote">
               <Transform>
                  <Rotation>1.000000000 0.000000000 0.000000000 0.000000000 1.000000000 0.000000000 0.000000000 0.000000000 1.000000000 </Rotation>
                  <Translation>0.000000000 0.000000000 0.000000000 </Translation>
               </Transform>
               <Instance entityUid="JFz*:*33ebf10ae9ba9d0a6bc05f85" name="Hex_Screw_M5 &lt;4&gt;" rigidGroup="root-MB+dfD67M9ZqaC5Q/-MKCnRozoKgq0njote.Mg6Ovz067qjv3RYDM" uid="MNCAaayIXy13LlEea">
                  <Transform>
                     <Rotation>-1.000000000 -0.000000000 0.000000000 -0.000000000 0.924224593 -0.381849319 -0.000000000 -0.381849319 -0.924224593 </Rotation>
                     <Translation>1.054543990 -8.135317113 0.930945781 </Translation>
                  </Transform>
               </Instance>
               <Instance entityUid="JFz*:*33ebf10ae9ba9d0a6bc05f85" name="Hex_Screw_M5 &lt;7&gt;" rigidGroup="root-MB+dfD67M9ZqaC5Q/-MKCnRozoKgq0njote.Mg6Ovz067qjv3RYDM" uid="MfFPl4Ms8aJDGFDbg">
                  <Transform>
                     <Rotation>-1.000000000 0.000000000 -0.000000000 -0.000000000 0.952345037 0.305022838 0.000000000 0.305022838 -0.952345037 </Rotation>
                     <Translation>1.054543990 -8.115317113 0.949568130 </Translation>
                  </Transform>
               </Instance>
               <Instance entityUid="JFz*:*33ebf10ae9ba9d0a6bc05f85" name="Hex_Screw_M5 &lt;3&gt;" rigidGroup="root-MB+dfD67M9ZqaC5Q/-MKCnRozoKgq0njote.Mg6Ovz067qjv3RYDM" uid="MkkVUp32oXsenN5MY">
                  <Transform>
                     <Rotation>-1.000000000 -0.000000000 0.000000000 -0.000000000 0.982045249 -0.188645513 0.000000000 -0.188645513 -0.982045249 </Rotation>
                     <Translation>1.054543990 -8.135317113 0.949568130 </Translation>
                  </Transform>
               </Instance>
               <Instance entityUid="JF7*:*33ebf10ae9ba9d0a6bc05f85" grounded="true" name="Mount_BrkL &lt;1&gt;" rigidGroup="root-MB+dfD67M9ZqaC5Q/-MKCnRozoKgq0njote.Mg6Ovz067qjv3RYDM" uid="MGOvgH/Aya+I9seJh">
                  <Transform>
                     <Rotation>1.000000000 0.000000000 0.000000000 0.000000000 1.000000000 0.000000000 0.000000000 0.000000000 1.000000000 </Rotation>
                     <Translation>1.064431709 -8.109317113 0.944291519 </Translation>
                  </Transform>
               </Instance>
               <Instance entityUid="JFz*:*33ebf10ae9ba9d0a6bc05f85" name="Hex_Screw_M5 &lt;9&gt;" rigidGroup="root-MB+dfD67M9ZqaC5Q/-MKCnRozoKgq0njote.Mg6Ovz067qjv3RYDM" uid="MOxgP/WNbrNrzJHPG">
                  <Transform>
                     <Rotation>-1.000000000 -0.000000000 -0.000000000 -0.000000000 0.407879540 0.913035750 -0.000000000 0.913035750 -0.407879540 </Rotation>
                     <Translation>1.054543990 -8.085317113 0.930945781 </Translation>
                  </Transform>
               </Instance>
               <Instance entityUid="JFz*:*33ebf10ae9ba9d0a6bc05f85" name="Hex_Screw_M5 &lt;5&gt;" rigidGroup="root-MB+dfD67M9ZqaC5Q/-MKCnRozoKgq0njote.Mg6Ovz067qjv3RYDM" uid="MekVntf7aKtahwrCp">
                  <Transform>
                     <Rotation>-1.000000000 -0.000000000 -0.000000000 -0.000000000 0.849462303 0.527649312 0.000000000 0.527649312 -0.849462303 </Rotation>
                     <Translation>1.054543990 -8.115317113 0.968190479 </Translation>
                  </Transform>
               </Instance>
               <Instance entityUid="JFz*:*33ebf10ae9ba9d0a6bc05f85" name="Hex_Screw_M5 &lt;8&gt;" rigidGroup="root-MB+dfD67M9ZqaC5Q/-MKCnRozoKgq0njote.Mg6Ovz067qjv3RYDM" uid="M7luBVTO808vztz/y">
                  <Transform>
                     <Rotation>-1.000000000 -0.000000000 -0.000000000 -0.000000000 0.586716540 0.809792382 0.000000000 0.809792382 -0.586716540 </Rotation>
                     <Translation>1.054543990 -8.085317113 0.968190479 </Translation>
                  </Transform>
               </Instance>
               <Instance entityUid="JFz*:*33ebf10ae9ba9d0a6bc05f85" name="Hex_Screw_M5 &lt;6&gt;" rigidGroup="root-MB+dfD67M9ZqaC5Q/-MKCnRozoKgq0njote.Mg6Ovz067qjv3RYDM" uid="MmCbQ8ubIt69SrSIJ">
                  <Transform>
                     <Rotation>-1.000000000 -0.000000000 0.000000000 -0.000000000 0.998609741 0.052712283 -0.000000000 0.052712283 -0.998609741 </Rotation>
                     <Translation>1.054543990 -8.135317113 0.968190479 </Translation>
                  </Transform>
               </Instance>
               <Instance entityUid="JFz*:*33ebf10ae9ba9d0a6bc05f85" name="Hex_Screw_M5 &lt;2&gt;" rigidGroup="root-MB+dfD67M9ZqaC5Q/-MKCnRozoKgq0njote.Mg6Ovz067qjv3RYDM" uid="Mxc26jqtXfNiLQpsE">
                  <Transform>
                     <Rotation>-1.000000000 -0.000000000 0.000000000 -0.000000000 0.479221260 0.877694129 -0.000000000 0.877694129 -0.479221260 </Rotation>
                     <Translation>1.054543990 -8.085317113 0.949568130 </Translation>
                  </Transform>
               </Instance>
               <Instance entityUid="JFz*:*33ebf10ae9ba9d0a6bc05f85" name="Hex_Screw_M5 &lt;1&gt;" rigidGroup="root-MB+dfD67M9ZqaC5Q/-MKCnRozoKgq0njote.Mg6Ovz067qjv3RYDM" uid="Mza7fdvZWEfKOJpv1">
                  <Transform>
                     <Rotation>-1.000000000 0.000000000 0.000000000 0.000000000 0.717427800 0.696632867 -0.000000000 0.696632867 -0.717427800 </Rotation>
                     <Translation>1.054543990 -8.115317113 0.930945781 </Translation>
                  </Transform>
               </Instance>
            </Instance>
            <Instance entityUid="e897da5ab566d8557956f81e" name="MountC_BrkR &lt;1&gt;" uid="MrNbnuT0moxi8cR3w">
               <Transform>
                  <Rotation>1.000000000 0.000000000 0.000000000 0.000000000 1.000000000 0.000000000 0.000000000 0.000000000 1.000000000 </Rotation>
                  <Translation>0.000000000 0.000000000 0.000000000 </Translation>
               </Transform>
               <Instance entityUid="JFP*:*33ebf10ae9ba9d0a6bc05f85" grounded="true" name="Mount_BrkR &lt;1&gt;" rigidGroup="root-MB+dfD67M9ZqaC5Q/-MrNbnuT0moxi8cR3w.MwgfbH65RW7VLi08n" uid="MlD2uiejuVA+OB6b0">
                  <Transform>
                     <Rotation>1.000000000 0.000000000 0.000000000 0.000000000 1.000000000 0.000000000 0.000000000 0.000000000 1.000000000 </Rotation>
                     <Translation>1.064431709 -5.767317113 0.944291519 </Translation>
                  </Transform>
               </Instance>
               <Instance entityUid="JFz*:*33ebf10ae9ba9d0a6bc05f85" name="Hex_Screw_M5 &lt;3&gt;" rigidGroup="root-MB+dfD67M9ZqaC5Q/-MrNbnuT0moxi8cR3w.MwgfbH65RW7VLi08n" uid="MHY+9oGCQrn9K3dd4">
                  <Transform>
                     <Rotation>-1.000000000 0.000000000 -0.000000000 0.000000000 0.586716540 -0.809792382 0.000000000 -0.809792382 -0.586716540 </Rotation>
                     <Translation>1.054543990 -5.791317113 0.968190479 </Translation>
                  </Transform>
               </Instance>
               <Instance entityUid="JFz*:*33ebf10ae9ba9d0a6bc05f85" name="Hex_Screw_M5 &lt;6&gt;" rigidGroup="root-MB+dfD67M9ZqaC5Q/-MrNbnuT0moxi8cR3w.MwgfbH65RW7VLi08n" uid="MKi6pzOLQRwnDy3j0">
                  <Transform>
                     <Rotation>-1.000000000 0.000000000 0.000000000 0.000000000 0.924224593 0.381849319 -0.000000000 0.381849319 -0.924224593 </Rotation>
                     <Translation>1.054543990 -5.741317113 0.930945781 </Translation>
                  </Transform>
               </Instance>
               <Instance entityUid="JFz*:*33ebf10ae9ba9d0a6bc05f85" name="Hex_Screw_M5 &lt;1&gt;" rigidGroup="root-MB+dfD67M9ZqaC5Q/-MrNbnuT0moxi8cR3w.MwgfbH65RW7VLi08n" uid="MqDg6NsggodVnyr8H">
                  <Transform>
                     <Rotation>-1.000000000 0.000000000 0.000000000 0.000000000 0.479221260 -0.877694129 -0.000000000 -0.877694129 -0.479221260 </Rotation>
                     <Translation>1.054543990 -5.791317113 0.949568130 </Translation>
                  </Transform>
               </Instance>
               <Instance entityUid="JFz*:*33ebf10ae9ba9d0a6bc05f85" name="Hex_Screw_M5 &lt;7&gt;" rigidGroup="root-MB+dfD67M9ZqaC5Q/-MrNbnuT0moxi8cR3w.MwgfbH65RW7VLi08n" uid="MUQgmixdZH7SBwzsw">
                  <Transform>
                     <Rotation>-1.000000000 0.000000000 -0.000000000 0.000000000 0.849462303 -0.527649312 0.000000000 -0.527649312 -0.849462303 </Rotation>
                     <Translation>1.054543990 -5.761317113 0.968190479 </Translation>
                  </Transform>
               </Instance>
               <Instance entityUid="JFz*:*33ebf10ae9ba9d0a6bc05f85" name="Hex_Screw_M5 &lt;5&gt;" rigidGroup="root-MB+dfD67M9ZqaC5Q/-MrNbnuT0moxi8cR3w.MwgfbH65RW7VLi08n" uid="M/iB1/VwiJ5xnVjJ+">
                  <Transform>
                     <Rotation>-1.000000000 0.000000000 0.000000000 0.000000000 0.998609741 -0.052712283 -0.000000000 -0.052712283 -0.998609741 </Rotation>
                     <Translation>1.054543990 -5.741317113 0.968190479 </Translation>
                  </Transform>
               </Instance>
               <Instance entityUid="JFz*:*33ebf10ae9ba9d0a6bc05f85" name="Hex_Screw_M5 &lt;4&gt;" rigidGroup="root-MB+dfD67M9ZqaC5Q/-MrNbnuT0moxi8cR3w.MwgfbH65RW7VLi08n" uid="M69A+wGzLUgSYNly1">
                  <Transform>
                     <Rotation>-1.000000000 -0.000000000 0.000000000 -0.000000000 0.717427800 -0.696632867 -0.000000000 -0.696632867 -0.717427800 </Rotation>
                     <Translation>1.054543990 -5.761317113 0.930945781 </Translation>
                  </Transform>
               </Instance>
               <Instance entityUid="JFz*:*33ebf10ae9ba9d0a6bc05f85" name="Hex_Screw_M5 &lt;8&gt;" rigidGroup="root-MB+dfD67M9ZqaC5Q/-MrNbnuT0moxi8cR3w.MwgfbH65RW7VLi08n" uid="M5Qlu40g2Bdu7LBzz">
                  <Transform>
                     <Rotation>-1.000000000 -0.000000000 -0.000000000 0.000000000 0.952345037 -0.305022838 0.000000000 -0.305022838 -0.952345037 </Rotation>
                     <Translation>1.054543990 -5.761317113 0.949568130 </Translation>
                  </Transform>
               </Instance>
               <Instance entityUid="JFz*:*33ebf10ae9ba9d0a6bc05f85" name="Hex_Screw_M5 &lt;2&gt;" rigidGroup="root-MB+dfD67M9ZqaC5Q/-MrNbnuT0moxi8cR3w.MwgfbH65RW7VLi08n" uid="MKVMw+VfcuH29elWi">
                  <Transform>
                     <Rotation>-1.000000000 0.000000000 -0.000000000 0.000000000 0.407879540 -0.913035750 -0.000000000 -0.913035750 -0.407879540 </Rotation>
                     <Translation>1.054543990 -5.791317113 0.930945781 </Translation>
                  </Transform>
               </Instance>
               <Instance entityUid="JFz*:*33ebf10ae9ba9d0a6bc05f85" name="Hex_Screw_M5 &lt;9&gt;" rigidGroup="root-MB+dfD67M9ZqaC5Q/-MrNbnuT0moxi8cR3w.MwgfbH65RW7VLi08n" uid="Mojnwe2IcZsukSmoi">
                  <Transform>
                     <Rotation>-1.000000000 0.000000000 0.000000000 0.000000000 0.982045249 0.188645513 0.000000000 0.188645513 -0.982045249 </Rotation>
                     <Translation>1.054543990 -5.741317113 0.949568130 </Translation>
                  </Transform>
               </Instance>
            </Instance>
            <Instance entityUid="1f011b7c72a0d4ab38543787" name="MountR_ArmR &lt;1&gt;" uid="MnWLaT6LJczoieK7+">
               <Transform>
                  <Rotation>1.000000000 0.000000000 0.000000000 0.000000000 1.000000000 0.000000000 0.000000000 0.000000000 1.000000000 </Rotation>
                  <Translation>0.000000000 0.000000000 0.000000000 </Translation>
               </Transform>
               <Instance entityUid="JFz*:*33ebf10ae9ba9d0a6bc05f85" name="Hex_Screw_M5 &lt;8&gt;" rigidGroup="root-MB+dfD67M9ZqaC5Q/-MnWLaT6LJczoieK7+.MII2IuH2wcIzvm5sd" uid="MtutgHH0LuobTFHfQ">
                  <Transform>
                     <Rotation>-1.000000000 0.000000000 -0.000000000 0.000000000 0.586716540 -0.809792382 0.000000000 -0.809792382 -0.586716540 </Rotation>
                     <Translation>1.054543990 -3.563317113 0.968190479 </Translation>
                  </Transform>
               </Instance>
               <Instance entityUid="JFz*:*33ebf10ae9ba9d0a6bc05f85" name="Hex_Screw_M5 &lt;4&gt;" rigidGroup="root-MB+dfD67M9ZqaC5Q/-MnWLaT6LJczoieK7+.MII2IuH2wcIzvm5sd" uid="MpEHMf1OS0afm/hSV">
                  <Transform>
                     <Rotation>-1.000000000 0.000000000 0.000000000 0.000000000 0.479221260 -0.877694129 -0.000000000 -0.877694129 -0.479221260 </Rotation>
                     <Translation>1.054543990 -3.563317113 0.949568130 </Translation>
                  </Transform>
               </Instance>
               <Instance entityUid="JFz*:*33ebf10ae9ba9d0a6bc05f85" name="Hex_Screw_M5 &lt;1&gt;" rigidGroup="root-MB+dfD67M9ZqaC5Q/-MnWLaT6LJczoieK7+.MII2IuH2wcIzvm5sd" uid="Mqh3da6QYPxbB0I2i">
                  <Transform>
                     <Rotation>-1.000000000 0.000000000 0.000000000 0.000000000 0.998609741 -0.052712283 -0.000000000 -0.052712283 -0.998609741 </Rotation>
                     <Translation>1.054543990 -3.513317113 0.968190479 </Translation>
                  </Transform>
               </Instance>
               <Instance entityUid="JFz*:*33ebf10ae9ba9d0a6bc05f85" name="Hex_Screw_M5 &lt;7&gt;" rigidGroup="root-MB+dfD67M9ZqaC5Q/-MnWLaT6LJczoieK7+.MII2IuH2wcIzvm5sd" uid="MmK2O+y/ddXBfVipk">
                  <Transform>
                     <Rotation>-1.000000000 -0.000000000 -0.000000000 0.000000000 0.952345037 -0.305022838 0.000000000 -0.305022838 -0.952345037 </Rotation>
                     <Translation>1.054543990 -3.533317113 0.949568130 </Translation>
                  </Transform>
               </Instance>
               <Instance entityUid="JFz*:*33ebf10ae9ba9d0a6bc05f85" name="Hex_Screw_M5 &lt;2&gt;" rigidGroup="root-MB+dfD67M9ZqaC5Q/-MnWLaT6LJczoieK7+.MII2IuH2wcIzvm5sd" uid="MfXHd5I5/HrwTbz1n">
                  <Transform>
                     <Rotation>-1.000000000 -0.000000000 0.000000000 -0.000000000 0.717427800 -0.696632867 -0.000000000 -0.696632867 -0.717427800 </Rotation>
                     <Translation>1.054543990 -3.533317113 0.930945781 </Translation>
                  </Transform>
               </Instance>
               <Instance entityUid="JFz*:*33ebf10ae9ba9d0a6bc05f85" name="Hex_Screw_M5 &lt;3&gt;" rigidGroup="root-MB+dfD67M9ZqaC5Q/-MnWLaT6LJczoieK7+.MII2IuH2wcIzvm5sd" uid="M3E6QkxfTG57+1VlY">
                  <Transform>
                     <Rotation>-1.000000000 0.000000000 0.000000000 0.000000000 0.982045249 0.188645513 0.000000000 0.188645513 -0.982045249 </Rotation>
                     <Translation>1.054543990 -3.513317113 0.949568130 </Translation>
                  </Transform>
               </Instance>
               <Instance entityUid="JFz*:*33ebf10ae9ba9d0a6bc05f85" name="Hex_Screw_M5 &lt;6&gt;" rigidGroup="root-MB+dfD67M9ZqaC5Q/-MnWLaT6LJczoieK7+.MII2IuH2wcIzvm5sd" uid="MLVtnUZgDT7Wn1JNw">
                  <Transform>
                     <Rotation>-1.000000000 0.000000000 -0.000000000 0.000000000 0.407879540 -0.913035750 -0.000000000 -0.913035750 -0.407879540 </Rotation>
                     <Translation>1.054543990 -3.563317113 0.930945781 </Translation>
                  </Transform>
               </Instance>
               <Instance entityUid="JFP*:*33ebf10ae9ba9d0a6bc05f85" grounded="true" name="Mount_BrkR &lt;1&gt;" rigidGroup="root-MB+dfD67M9ZqaC5Q/-MnWLaT6LJczoieK7+.MII2IuH2wcIzvm5sd" uid="MHtCbaZNJIoKhlsAY">
                  <Transform>
                     <Rotation>1.000000000 0.000000000 0.000000000 0.000000000 1.000000000 0.000000000 0.000000000 0.000000000 1.000000000 </Rotation>
                     <Translation>1.064431709 -3.539317113 0.944291519 </Translation>
                  </Transform>
               </Instance>
               <Instance entityUid="JFz*:*33ebf10ae9ba9d0a6bc05f85" name="Hex_Screw_M5 &lt;5&gt;" rigidGroup="root-MB+dfD67M9ZqaC5Q/-MnWLaT6LJczoieK7+.MII2IuH2wcIzvm5sd" uid="MrSfCZBFlSX/hzmZN">
                  <Transform>
                     <Rotation>-1.000000000 0.000000000 -0.000000000 0.000000000 0.849462303 -0.527649312 0.000000000 -0.527649312 -0.849462303 </Rotation>
                     <Translation>1.054543990 -3.533317113 0.968190479 </Translation>
                  </Transform>
               </Instance>
               <Instance entityUid="JFz*:*33ebf10ae9ba9d0a6bc05f85" name="Hex_Screw_M5 &lt;9&gt;" rigidGroup="root-MB+dfD67M9ZqaC5Q/-MnWLaT6LJczoieK7+.MII2IuH2wcIzvm5sd" uid="MGQAHjev8Zd9hO0N6">
                  <Transform>
                     <Rotation>-1.000000000 0.000000000 0.000000000 0.000000000 0.924224593 0.381849319 -0.000000000 0.381849319 -0.924224593 </Rotation>
                     <Translation>1.054543990 -3.513317113 0.930945781 </Translation>
                  </Transform>
               </Instance>
            </Instance>
            <Instance entityUid="e7c4e66bb37aef1981a21996" name="MountR &lt;1&gt;" uid="M95SmkTHBXwVBq5xl">
               <Transform>
                  <Rotation>1.000000000 0.000000000 0.000000000 0.000000000 1.000000000 0.000000000 0.000000000 0.000000000 1.000000000 </Rotation>
                  <Translation>0.000000000 0.000000000 0.000000000 </Translation>
               </Transform>
               <Instance entityUid="JFz*:*33ebf10ae9ba9d0a6bc05f85" name="Hex_Screw_M5 &lt;3&gt;" rigidGroup="root-MB+dfD67M9ZqaC5Q/-M95SmkTHBXwVBq5xl.Mkt1+MidgYwGPx58H" uid="M5mcz/x9xvAkQerpC">
                  <Transform>
                     <Rotation>0.000000000 0.000000000 1.000000000 0.000000000 1.000000000 0.000000000 -1.000000000 0.000000000 0.000000000 </Rotation>
                     <Translation>0.902783052 -3.625317113 0.921091519 </Translation>
                  </Transform>
               </Instance>
               <Instance entityUid="JFv*:*33ebf10ae9ba9d0a6bc05f85" name="Hex_Nut_M10 &lt;1&gt;" rigidGroup="root-MB+dfD67M9ZqaC5Q/-M95SmkTHBXwVBq5xl.Mkt1+MidgYwGPx58H" uid="MUmgLvmUzYHpxS1c9">
                  <Transform>
                     <Rotation>0.993597903 0.000000000 -0.112974369 0.000000000 1.000000000 0.000000000 0.112974369 0.000000000 0.993597903 </Rotation>
                     <Translation>0.931791875 -3.614817113 0.944962474 </Translation>
                  </Transform>
               </Instance>
               <Instance entityUid="JFz*:*33ebf10ae9ba9d0a6bc05f85" name="Hex_Screw_M5 &lt;1&gt;" rigidGroup="root-MB+dfD67M9ZqaC5Q/-M95SmkTHBXwVBq5xl.Mkt1+MidgYwGPx58H" uid="McyUmZfwdZAv001i3">
                  <Transform>
                     <Rotation>0.000000000 0.000000000 1.000000000 0.000000000 1.000000000 0.000000000 -1.000000000 0.000000000 0.000000000 </Rotation>
                     <Translation>0.902783052 -3.567317113 0.921091519 </Translation>
                  </Transform>
               </Instance>
               <Instance entityUid="JFz*:*33ebf10ae9ba9d0a6bc05f85" name="Hex_Screw_M5 &lt;4&gt;" rigidGroup="root-MB+dfD67M9ZqaC5Q/-M95SmkTHBXwVBq5xl.Mkt1+MidgYwGPx58H" uid="MpDGHG4vjZokdTcLt">
                  <Transform>
                     <Rotation>0.000000000 0.000000000 1.000000000 0.000000000 1.000000000 0.000000000 -1.000000000 0.000000000 0.000000000 </Rotation>
                     <Translation>0.960783052 -3.625317113 0.921091519 </Translation>
                  </Transform>
               </Instance>
               <Instance entityUid="JFT*:*33ebf10ae9ba9d0a6bc05f85" grounded="true" name="Mount &lt;1&gt;" rigidGroup="root-MB+dfD67M9ZqaC5Q/-M95SmkTHBXwVBq5xl.Mkt1+MidgYwGPx58H" uid="MykVxJSaEK7AwIWk7">
                  <Transform>
                     <Rotation>1.000000000 0.000000000 0.000000000 0.000000000 0.000000000 1.000000000 0.000000000 -1.000000000 0.000000000 </Rotation>
                     <Translation>0.000000000 0.000000000 0.944291519 </Translation>
                  </Transform>
               </Instance>
               <Instance entityUid="JFz*:*33ebf10ae9ba9d0a6bc05f85" name="Hex_Screw_M5 &lt;2&gt;" rigidGroup="root-MB+dfD67M9ZqaC5Q/-M95SmkTHBXwVBq5xl.Mkt1+MidgYwGPx58H" uid="MA0JhKj22M9lfwfyH">
                  <Transform>
                     <Rotation>0.000000000 0.000000000 1.000000000 0.000000000 1.000000000 0.000000000 -1.000000000 0.000000000 0.000000000 </Rotation>
                     <Translation>0.960783052 -3.567317113 0.921091519 </Translation>
                  </Transform>
               </Instance>
               <Instance entityUid="JFr*:*33ebf10ae9ba9d0a6bc05f85" name="Hex_Screw_M10 &lt;1&gt;" rigidGroup="root-MB+dfD67M9ZqaC5Q/-M95SmkTHBXwVBq5xl.Mkt1+MidgYwGPx58H" uid="MwFxanm+4uCxEcSPd">
                  <Transform>
                     <Rotation>0.000000000 1.000000000 0.000000000 -1.000000000 0.000000000 0.000000000 0.000000000 0.000000000 1.000000000 </Rotation>
                     <Translation>0.931791875 -3.580817113 0.944962474 </Translation>
                  </Transform>
               </Instance>
            </Instance>
            <Instance entityUid="95e65e37a5e97fa6133c07a4" name="MountC &lt;1&gt;" uid="M/4QmUUGKroTxITfY">
               <Transform>
                  <Rotation>1.000000000 0.000000000 0.000000000 0.000000000 1.000000000 0.000000000 0.000000000 0.000000000 1.000000000 </Rotation>
                  <Translation>0.000000000 0.000000000 0.000000000 </Translation>
               </Transform>
               <Instance entityUid="JFT*:*33ebf10ae9ba9d0a6bc05f85" grounded="true" name="Mount &lt;1&gt;" rigidGroup="root-MB+dfD67M9ZqaC5Q/-M/4QmUUGKroTxITfY.MBs6aC9U/Qq78Ac0m" uid="MhcU4CaIWPJvp7eSW">
                  <Transform>
                     <Rotation>1.000000000 0.000000000 0.000000000 0.000000000 0.000000000 1.000000000 0.000000000 -1.000000000 0.000000000 </Rotation>
                     <Translation>0.000000000 -2.228000000 0.944291519 </Translation>
                  </Transform>
               </Instance>
               <Instance entityUid="JFr*:*33ebf10ae9ba9d0a6bc05f85" name="Hex_Screw_M10 &lt;1&gt;" rigidGroup="root-MB+dfD67M9ZqaC5Q/-M/4QmUUGKroTxITfY.MBs6aC9U/Qq78Ac0m" uid="M6DX05DblSJXCbBw8">
                  <Transform>
                     <Rotation>0.000000000 1.000000000 0.000000000 -1.000000000 0.000000000 0.000000000 0.000000000 0.000000000 1.000000000 </Rotation>
                     <Translation>0.931791875 -5.808817113 0.944962474 </Translation>
                  </Transform>
               </Instance>
               <Instance entityUid="JFz*:*33ebf10ae9ba9d0a6bc05f85" name="Hex_Screw_M5 &lt;1&gt;" rigidGroup="root-MB+dfD67M9ZqaC5Q/-M/4QmUUGKroTxITfY.MBs6aC9U/Qq78Ac0m" uid="Mxh4VrMxWiTysraiz">
                  <Transform>
                     <Rotation>0.000000000 0.000000000 1.000000000 0.000000000 1.000000000 0.000000000 -1.000000000 0.000000000 0.000000000 </Rotation>
                     <Translation>0.902783052 -5.853317113 0.921091519 </Translation>
                  </Transform>
               </Instance>
               <Instance entityUid="JFv*:*33ebf10ae9ba9d0a6bc05f85" name="Hex_Nut_M10 &lt;1&gt;" rigidGroup="root-MB+dfD67M9ZqaC5Q/-M/4QmUUGKroTxITfY.MBs6aC9U/Qq78Ac0m" uid="M2m48hECrV8B5a/8Y">
                  <Transform>
                     <Rotation>0.993597903 0.000000000 -0.112974369 0.000000000 1.000000000 0.000000000 0.112974369 0.000000000 0.993597903 </Rotation>
                     <Translation>0.931791875 -5.842817113 0.944962474 </Translation>
                  </Transform>
               </Instance>
               <Instance entityUid="JFz*:*33ebf10ae9ba9d0a6bc05f85" name="Hex_Screw_M5 &lt;4&gt;" rigidGroup="root-MB+dfD67M9ZqaC5Q/-M/4QmUUGKroTxITfY.MBs6aC9U/Qq78Ac0m" uid="ML0vUR3xU3vu4cHgj">
                  <Transform>
                     <Rotation>0.000000000 0.000000000 1.000000000 0.000000000 1.000000000 0.000000000 -1.000000000 0.000000000 0.000000000 </Rotation>
                     <Translation>0.902783052 -5.795317113 0.921091519 </Translation>
                  </Transform>
               </Instance>
               <Instance entityUid="JFz*:*33ebf10ae9ba9d0a6bc05f85" name="Hex_Screw_M5 &lt;2&gt;" rigidGroup="root-MB+dfD67M9ZqaC5Q/-M/4QmUUGKroTxITfY.MBs6aC9U/Qq78Ac0m" uid="MV8r7tfjgZVSGcu6u">
                  <Transform>
                     <Rotation>0.000000000 0.000000000 1.000000000 0.000000000 1.000000000 0.000000000 -1.000000000 0.000000000 0.000000000 </Rotation>
                     <Translation>0.960783052 -5.853317113 0.921091519 </Translation>
                  </Transform>
               </Instance>
               <Instance entityUid="JFz*:*33ebf10ae9ba9d0a6bc05f85" name="Hex_Screw_M5 &lt;3&gt;" rigidGroup="root-MB+dfD67M9ZqaC5Q/-M/4QmUUGKroTxITfY.MBs6aC9U/Qq78Ac0m" uid="MgbOfkxCIuvMRKJXe">
                  <Transform>
                     <Rotation>0.000000000 0.000000000 1.000000000 0.000000000 1.000000000 0.000000000 -1.000000000 0.000000000 0.000000000 </Rotation>
                     <Translation>0.960783052 -5.795317113 0.921091519 </Translation>
                  </Transform>
               </Instance>
            </Instance>
            <Instance entityUid="600eae19eabc1d0fc31d5a66" name="MountL_BrkR &lt;1&gt;" uid="M3Ub3U8QP6ZwuuORj">
               <Transform>
                  <Rotation>1.000000000 0.000000000 0.000000000 0.000000000 1.000000000 0.000000000 0.000000000 0.000000000 1.000000000 </Rotation>
                  <Translation>0.000000000 0.000000000 0.000000000 </Translation>
               </Transform>
               <Instance entityUid="JFz*:*33ebf10ae9ba9d0a6bc05f85" name="Hex_Screw_M5 &lt;9&gt;" rigidGroup="root-MB+dfD67M9ZqaC5Q/-M3Ub3U8QP6ZwuuORj.MNV9CC0/FSC6NpTBj" uid="MCchiKRXmfIzJaaa9">
                  <Transform>
                     <Rotation>-1.000000000 0.000000000 0.000000000 0.000000000 0.982045249 0.188645513 0.000000000 0.188645513 -0.982045249 </Rotation>
                     <Translation>1.054543990 -7.969317113 0.949568130 </Translation>
                  </Transform>
               </Instance>
               <Instance entityUid="JFz*:*33ebf10ae9ba9d0a6bc05f85" name="Hex_Screw_M5 &lt;4&gt;" rigidGroup="root-MB+dfD67M9ZqaC5Q/-M3Ub3U8QP6ZwuuORj.MNV9CC0/FSC6NpTBj" uid="MCjOCQqWVoZGHPm53">
                  <Transform>
                     <Rotation>-1.000000000 -0.000000000 0.000000000 -0.000000000 0.717427800 -0.696632867 -0.000000000 -0.696632867 -0.717427800 </Rotation>
                     <Translation>1.054543990 -7.989317113 0.930945781 </Translation>
                  </Transform>
               </Instance>
               <Instance entityUid="JFz*:*33ebf10ae9ba9d0a6bc05f85" name="Hex_Screw_M5 &lt;6&gt;" rigidGroup="root-MB+dfD67M9ZqaC5Q/-M3Ub3U8QP6ZwuuORj.MNV9CC0/FSC6NpTBj" uid="MhsbdVZZf/drCJc3/">
                  <Transform>
                     <Rotation>-1.000000000 0.000000000 0.000000000 0.000000000 0.924224593 0.381849319 -0.000000000 0.381849319 -0.924224593 </Rotation>
                     <Translation>1.054543990 -7.969317113 0.930945781 </Translation>
                  </Transform>
               </Instance>
               <Instance entityUid="JFz*:*33ebf10ae9ba9d0a6bc05f85" name="Hex_Screw_M5 &lt;2&gt;" rigidGroup="root-MB+dfD67M9ZqaC5Q/-M3Ub3U8QP6ZwuuORj.MNV9CC0/FSC6NpTBj" uid="MPZWmtE6Zkn3gwPbc">
                  <Transform>
                     <Rotation>-1.000000000 0.000000000 -0.000000000 0.000000000 0.407879540 -0.913035750 -0.000000000 -0.913035750 -0.407879540 </Rotation>
                     <Translation>1.054543990 -8.019317113 0.930945781 </Translation>
                  </Transform>
               </Instance>
               <Instance entityUid="JFz*:*33ebf10ae9ba9d0a6bc05f85" name="Hex_Screw_M5 &lt;5&gt;" rigidGroup="root-MB+dfD67M9ZqaC5Q/-M3Ub3U8QP6ZwuuORj.MNV9CC0/FSC6NpTBj" uid="MKRsflCtcr3WP4SKV">
                  <Transform>
                     <Rotation>-1.000000000 0.000000000 0.000000000 0.000000000 0.998609741 -0.052712283 -0.000000000 -0.052712283 -0.998609741 </Rotation>
                     <Translation>1.054543990 -7.969317113 0.968190479 </Translation>
                  </Transform>
               </Instance>
               <Instance entityUid="JFz*:*33ebf10ae9ba9d0a6bc05f85" name="Hex_Screw_M5 &lt;3&gt;" rigidGroup="root-MB+dfD67M9ZqaC5Q/-M3Ub3U8QP6ZwuuORj.MNV9CC0/FSC6NpTBj" uid="MqwbkuUO5MDrUAO1U">
                  <Transform>
                     <Rotation>-1.000000000 0.000000000 -0.000000000 0.000000000 0.586716540 -0.809792382 0.000000000 -0.809792382 -0.586716540 </Rotation>
                     <Translation>1.054543990 -8.019317113 0.968190479 </Translation>
                  </Transform>
               </Instance>
               <Instance entityUid="JFz*:*33ebf10ae9ba9d0a6bc05f85" name="Hex_Screw_M5 &lt;1&gt;" rigidGroup="root-MB+dfD67M9ZqaC5Q/-M3Ub3U8QP6ZwuuORj.MNV9CC0/FSC6NpTBj" uid="MDfQncaEJ/p3PUeOp">
                  <Transform>
                     <Rotation>-1.000000000 0.000000000 0.000000000 0.000000000 0.479221260 -0.877694129 -0.000000000 -0.877694129 -0.479221260 </Rotation>
                     <Translation>1.054543990 -8.019317113 0.949568130 </Translation>
                  </Transform>
               </Instance>
               <Instance entityUid="JFz*:*33ebf10ae9ba9d0a6bc05f85" name="Hex_Screw_M5 &lt;7&gt;" rigidGroup="root-MB+dfD67M9ZqaC5Q/-M3Ub3U8QP6ZwuuORj.MNV9CC0/FSC6NpTBj" uid="M+JYXX9/PU9cKII8h">
                  <Transform>
                     <Rotation>-1.000000000 0.000000000 -0.000000000 0.000000000 0.849462303 -0.527649312 0.000000000 -0.527649312 -0.849462303 </Rotation>
                     <Translation>1.054543990 -7.989317113 0.968190479 </Translation>
                  </Transform>
               </Instance>
               <Instance entityUid="JFz*:*33ebf10ae9ba9d0a6bc05f85" name="Hex_Screw_M5 &lt;8&gt;" rigidGroup="root-MB+dfD67M9ZqaC5Q/-M3Ub3U8QP6ZwuuORj.MNV9CC0/FSC6NpTBj" uid="Mk8BYc5ehs4Cs+ZZL">
                  <Transform>
                     <Rotation>-1.000000000 -0.000000000 -0.000000000 0.000000000 0.952345037 -0.305022838 0.000000000 -0.305022838 -0.952345037 </Rotation>
                     <Translation>1.054543990 -7.989317113 0.949568130 </Translation>
                  </Transform>
               </Instance>
               <Instance entityUid="JFP*:*33ebf10ae9ba9d0a6bc05f85" grounded="true" name="Mount_BrkR &lt;1&gt;" rigidGroup="root-MB+dfD67M9ZqaC5Q/-M3Ub3U8QP6ZwuuORj.MNV9CC0/FSC6NpTBj" uid="MWZTNkYnM3W/I8fOf">
                  <Transform>
                     <Rotation>1.000000000 0.000000000 0.000000000 0.000000000 1.000000000 0.000000000 0.000000000 0.000000000 1.000000000 </Rotation>
                     <Translation>1.064431709 -7.995317113 0.944291519 </Translation>
                  </Transform>
               </Instance>
            </Instance>
            <Instance entityUid="448056c370bdf28bd08ff814" name="MountC_BrkL &lt;1&gt;" uid="MhVrz62160gcdqCA8">
               <Transform>
                  <Rotation>1.000000000 0.000000000 0.000000000 0.000000000 1.000000000 0.000000000 0.000000000 0.000000000 1.000000000 </Rotation>
                  <Translation>0.000000000 0.000000000 0.000000000 </Translation>
               </Transform>
               <Instance entityUid="JF7*:*33ebf10ae9ba9d0a6bc05f85" grounded="true" name="Mount_BrkL &lt;1&gt;" rigidGroup="root-MB+dfD67M9ZqaC5Q/-MhVrz62160gcdqCA8.MEZoC88UKAMSGthwn" uid="Mh5I63vVHZm4lscHu">
                  <Transform>
                     <Rotation>1.000000000 0.000000000 0.000000000 0.000000000 1.000000000 0.000000000 0.000000000 0.000000000 1.000000000 </Rotation>
                     <Translation>1.064431709 -5.881317113 0.944291519 </Translation>
                  </Transform>
               </Instance>
               <Instance entityUid="JFz*:*33ebf10ae9ba9d0a6bc05f85" name="Hex_Screw_M5 &lt;9&gt;" rigidGroup="root-MB+dfD67M9ZqaC5Q/-MhVrz62160gcdqCA8.MEZoC88UKAMSGthwn" uid="MtukSiOG1ymyerAXJ">
                  <Transform>
                     <Rotation>-1.000000000 -0.000000000 -0.000000000 -0.000000000 0.586716540 0.809792382 0.000000000 0.809792382 -0.586716540 </Rotation>
                     <Translation>1.054543990 -5.857317113 0.968190479 </Translation>
                  </Transform>
               </Instance>
               <Instance entityUid="JFz*:*33ebf10ae9ba9d0a6bc05f85" name="Hex_Screw_M5 &lt;1&gt;" rigidGroup="root-MB+dfD67M9ZqaC5Q/-MhVrz62160gcdqCA8.MEZoC88UKAMSGthwn" uid="MfuauPv5SCvrrttOT">
                  <Transform>
                     <Rotation>-1.000000000 -0.000000000 -0.000000000 -0.000000000 0.407879540 0.913035750 -0.000000000 0.913035750 -0.407879540 </Rotation>
                     <Translation>1.054543990 -5.857317113 0.930945781 </Translation>
                  </Transform>
               </Instance>
               <Instance entityUid="JFz*:*33ebf10ae9ba9d0a6bc05f85" name="Hex_Screw_M5 &lt;7&gt;" rigidGroup="root-MB+dfD67M9ZqaC5Q/-MhVrz62160gcdqCA8.MEZoC88UKAMSGthwn" uid="MIzxqft9oVxb720Qn">
                  <Transform>
                     <Rotation>-1.000000000 -0.000000000 0.000000000 -0.000000000 0.998609741 0.052712283 -0.000000000 0.052712283 -0.998609741 </Rotation>
                     <Translation>1.054543990 -5.907317113 0.968190479 </Translation>
                  </Transform>
               </Instance>
               <Instance entityUid="JFz*:*33ebf10ae9ba9d0a6bc05f85" name="Hex_Screw_M5 &lt;3&gt;" rigidGroup="root-MB+dfD67M9ZqaC5Q/-MhVrz62160gcdqCA8.MEZoC88UKAMSGthwn" uid="MamTf8klXeG7T729R">
                  <Transform>
                     <Rotation>-1.000000000 0.000000000 0.000000000 0.000000000 0.717427800 0.696632867 -0.000000000 0.696632867 -0.717427800 </Rotation>
                     <Translation>1.054543990 -5.887317113 0.930945781 </Translation>
                  </Transform>
               </Instance>
               <Instance entityUid="JFz*:*33ebf10ae9ba9d0a6bc05f85" name="Hex_Screw_M5 &lt;8&gt;" rigidGroup="root-MB+dfD67M9ZqaC5Q/-MhVrz62160gcdqCA8.MEZoC88UKAMSGthwn" uid="MnfhE4atxbwLVkexI">
                  <Transform>
                     <Rotation>-1.000000000 -0.000000000 0.000000000 -0.000000000 0.479221260 0.877694129 -0.000000000 0.877694129 -0.479221260 </Rotation>
                     <Translation>1.054543990 -5.857317113 0.949568130 </Translation>
                  </Transform>
               </Instance>
               <Instance entityUid="JFz*:*33ebf10ae9ba9d0a6bc05f85" name="Hex_Screw_M5 &lt;6&gt;" rigidGroup="root-MB+dfD67M9ZqaC5Q/-MhVrz62160gcdqCA8.MEZoC88UKAMSGthwn" uid="MANZ94f6BgNIyketi">
                  <Transform>
                     <Rotation>-1.000000000 -0.000000000 -0.000000000 -0.000000000 0.849462303 0.527649312 0.000000000 0.527649312 -0.849462303 </Rotation>
                     <Translation>1.054543990 -5.887317113 0.968190479 </Translation>
                  </Transform>
               </Instance>
               <Instance entityUid="JFz*:*33ebf10ae9ba9d0a6bc05f85" name="Hex_Screw_M5 &lt;2&gt;" rigidGroup="root-MB+dfD67M9ZqaC5Q/-MhVrz62160gcdqCA8.MEZoC88UKAMSGthwn" uid="MNWesJbh0FjntZ/PC">
                  <Transform>
                     <Rotation>-1.000000000 0.000000000 -0.000000000 -0.000000000 0.952345037 0.305022838 0.000000000 0.305022838 -0.952345037 </Rotation>
                     <Translation>1.054543990 -5.887317113 0.949568130 </Translation>
                  </Transform>
               </Instance>
               <Instance entityUid="JFz*:*33ebf10ae9ba9d0a6bc05f85" name="Hex_Screw_M5 &lt;5&gt;" rigidGroup="root-MB+dfD67M9ZqaC5Q/-MhVrz62160gcdqCA8.MEZoC88UKAMSGthwn" uid="M08mkxaA0twahTRMi">
                  <Transform>
                     <Rotation>-1.000000000 -0.000000000 0.000000000 -0.000000000 0.924224593 -0.381849319 -0.000000000 -0.381849319 -0.924224593 </Rotation>
                     <Translation>1.054543990 -5.907317113 0.930945781 </Translation>
                  </Transform>
               </Instance>
               <Instance entityUid="JFz*:*33ebf10ae9ba9d0a6bc05f85" name="Hex_Screw_M5 &lt;4&gt;" rigidGroup="root-MB+dfD67M9ZqaC5Q/-MhVrz62160gcdqCA8.MEZoC88UKAMSGthwn" uid="MJVYE4Z+UDPj4Gcv/">
                  <Transform>
                     <Rotation>-1.000000000 -0.000000000 0.000000000 -0.000000000 0.982045249 -0.188645513 0.000000000 -0.188645513 -0.982045249 </Rotation>
                     <Translation>1.054543990 -5.907317113 0.949568130 </Translation>
                  </Transform>
               </Instance>
            </Instance>
            <Instance entityUid="c360203b51ae523fc2cbc787" name="MountR_ArmL &lt;1&gt;" uid="Maq3PA4fRO79LgLBT">
               <Transform>
                  <Rotation>1.000000000 0.000000000 0.000000000 0.000000000 1.000000000 0.000000000 0.000000000 0.000000000 1.000000000 </Rotation>
                  <Translation>0.000000000 0.000000000 0.000000000 </Translation>
               </Transform>
               <Instance entityUid="JF7*:*33ebf10ae9ba9d0a6bc05f85" grounded="true" name="Mount_BrkL &lt;1&gt;" rigidGroup="root-MB+dfD67M9ZqaC5Q/-Maq3PA4fRO79LgLBT.MHDb4NGrckWey3rUq" uid="M3h2wHJa9hBi8Cjsx">
                  <Transform>
                     <Rotation>1.000000000 0.000000000 0.000000000 0.000000000 1.000000000 0.000000000 0.000000000 0.000000000 1.000000000 </Rotation>
                     <Translation>1.064431709 -3.653317113 0.944291519 </Translation>
                  </Transform>
               </Instance>
               <Instance entityUid="JFz*:*33ebf10ae9ba9d0a6bc05f85" name="Hex_Screw_M5 &lt;8&gt;" rigidGroup="root-MB+dfD67M9ZqaC5Q/-Maq3PA4fRO79LgLBT.MHDb4NGrckWey3rUq" uid="MHYixRNBl86neQLzC">
                  <Transform>
                     <Rotation>-1.000000000 -0.000000000 0.000000000 -0.000000000 0.982045249 -0.188645513 0.000000000 -0.188645513 -0.982045249 </Rotation>
                     <Translation>1.054543990 -3.679317113 0.949568130 </Translation>
                  </Transform>
               </Instance>
               <Instance entityUid="JFz*:*33ebf10ae9ba9d0a6bc05f85" name="Hex_Screw_M5 &lt;6&gt;" rigidGroup="root-MB+dfD67M9ZqaC5Q/-Maq3PA4fRO79LgLBT.MHDb4NGrckWey3rUq" uid="MHFJpEsa5poXYpJoW">
                  <Transform>
                     <Rotation>-1.000000000 -0.000000000 -0.000000000 -0.000000000 0.407879540 0.913035750 -0.000000000 0.913035750 -0.407879540 </Rotation>
                     <Translation>1.054543990 -3.629317113 0.930945781 </Translation>
                  </Transform>
               </Instance>
               <Instance entityUid="JFz*:*33ebf10ae9ba9d0a6bc05f85" name="Hex_Screw_M5 &lt;7&gt;" rigidGroup="root-MB+dfD67M9ZqaC5Q/-Maq3PA4fRO79LgLBT.MHDb4NGrckWey3rUq" uid="MI0RK7g4MWwDdWNGV">
                  <Transform>
                     <Rotation>-1.000000000 0.000000000 -0.000000000 -0.000000000 0.952345037 0.305022838 0.000000000 0.305022838 -0.952345037 </Rotation>
                     <Translation>1.054543990 -3.659317113 0.949568130 </Translation>
                  </Transform>
               </Instance>
